T100S-HP,OSA,WLM
1440.0,+1.43999320E-006,+1.43999269E-006
1441.0,+1.44099670E-006,+1.44099470E-006
1442.0,+1.44199420E-006,+1.44199279E-006
1443.0,+1.44299110E-006,+1.44299341E-006
1444.0,+1.44398980E-006,+1.44399631E-006
1445.0,+1.44498900E-006,+1.44499532E-006
1446.0,+1.44598880E-006,+1.44599662E-006
1447.0,+1.44699040E-006,+1.44699835E-006
1448.0,+1.44799440E-006,+1.44799795E-006
1449.0,+1.44899970E-006,+1.44899778E-006
1450.0,+1.44999780E-006,+1.44999631E-006
1451.0,+1.45099390E-006,+1.45099353E-006
1452.0,+1.45199330E-006,+1.45199372E-006
1453.0,+1.45299430E-006,+1.45299774E-006
1454.0,+1.45399220E-006,+1.45399901E-006
1455.0,+1.45499000E-006,+1.45499772E-006
1456.0,+1.45599380E-006,+1.45599738E-006
1457.0,+1.45699870E-006,+1.45699820E-006
1458.0,+1.45799750E-006,+1.45799592E-006
1459.0,+1.45899630E-006,+1.45899482E-006
1460.0,+1.45999510E-006,+1.45999575E-006
1461.0,+1.46099000E-006,+1.46099497E-006
1462.0,+1.46198510E-006,+1.46199342E-006
1463.0,+1.46298770E-006,+1.46299371E-006
1464.0,+1.46399250E-006,+1.46399520E-006
1465.0,+1.46499720E-006,+1.46499631E-006
1466.0,+1.46599850E-006,+1.46599649E-006
1467.0,+1.46699720E-006,+1.46699664E-006
1468.0,+1.46799360E-006,+1.46799790E-006
1469.0,+1.46899230E-006,+1.46899995E-006
1470.0,+1.46999130E-006,+1.46999697E-006
1471.0,+1.47099310E-006,+1.47099730E-006
1472.0,+1.47199920E-006,+1.47199898E-006
1473.0,+1.47300010E-006,+1.47299894E-006
1474.0,+1.47400040E-006,+1.47400085E-006
1475.0,+1.47499650E-006,+1.47500097E-006
1476.0,+1.47599140E-006,+1.47599971E-006
1477.0,+1.47699490E-006,+1.47700055E-006
1478.0,+1.47799790E-006,+1.47800002E-006
1479.0,+1.47899930E-006,+1.47899811E-006
1480.0,+1.48000020E-006,+1.47999938E-006
1481.0,+1.48099730E-006,+1.48099896E-006
1482.0,+1.48198970E-006,+1.48199600E-006
1483.0,+1.48299050E-006,+1.48299928E-006
1484.0,+1.48399670E-006,+1.48400030E-006
1485.0,+1.48499900E-006,+1.48499839E-006
1486.0,+1.48599760E-006,+1.48599824E-006
1487.0,+1.48699860E-006,+1.48699917E-006
1488.0,+1.48799400E-006,+1.48799867E-006
1489.0,+1.48899280E-006,+1.48900041E-006
1490.0,+1.48999590E-006,+1.49000074E-006
1491.0,+1.49100080E-006,+1.49099899E-006
1492.0,+1.49200160E-006,+1.49200066E-006
1493.0,+1.49299460E-006,+1.49299807E-006
1494.0,+1.49399230E-006,+1.49399649E-006
1495.0,+1.49499160E-006,+1.49499719E-006
1496.0,+1.49599460E-006,+1.49599751E-006
1497.0,+1.49699890E-006,+1.49699724E-006
1498.0,+1.49799890E-006,+1.49799894E-006
1499.0,+1.49899340E-006,+1.49899773E-006
1500.0,+1.49999010E-006,+1.49999809E-006
1501.0,+1.50099580E-006,+1.50100007E-006
1502.0,+1.50199860E-006,+1.50199797E-006
1503.0,+1.50299730E-006,+1.50299714E-006
1504.0,+1.50399630E-006,+1.50399832E-006
1505.0,+1.50499390E-006,+1.50499896E-006
1506.0,+1.50599150E-006,+1.50599813E-006
1507.0,+1.50700050E-006,+1.50700067E-006
1508.0,+1.50800020E-006,+1.50799806E-006
1509.0,+1.50899630E-006,+1.50899908E-006
1510.0,+1.50999230E-006,+1.50999989E-006
1511.0,+1.51099230E-006,+1.51099743E-006
1512.0,+1.51199800E-006,+1.51199771E-006
1513.0,+1.51299770E-006,+1.51299779E-006
1514.0,+1.51399680E-006,+1.51399879E-006
1515.0,+1.51499500E-006,+1.51500048E-006
1516.0,+1.51599500E-006,+1.51600051E-006
1517.0,+1.51700250E-006,+1.51700083E-006
1518.0,+1.51800340E-006,+1.51800311E-006
1519.0,+1.51899780E-006,+1.51900201E-006
1520.0,+1.51999450E-006,+1.52000192E-006
1521.0,+1.52100120E-006,+1.52100286E-006
1522.0,+1.52199980E-006,+1.52199923E-006
1523.0,+1.52299860E-006,+1.52300148E-006
1524.0,+1.52399710E-006,+1.52400137E-006
1525.0,+1.52499630E-006,+1.52500077E-006
1526.0,+1.52600190E-006,+1.52600099E-006
1527.0,+1.52699940E-006,+1.52699905E-006
1528.0,+1.52799530E-006,+1.52799915E-006
1529.0,+1.52899520E-006,+1.52900132E-006
1530.0,+1.52999800E-006,+1.52999875E-006
1531.0,+1.53100010E-006,+1.53100011E-006
1532.0,+1.53199600E-006,+1.53200043E-006
1533.0,+1.53299030E-006,+1.53299850E-006
1534.0,+1.53399510E-006,+1.53399812E-006
1535.0,+1.53499580E-006,+1.53499660E-006
1536.0,+1.53599140E-006,+1.53599661E-006
1537.0,+1.53699060E-006,+1.53699698E-006
1538.0,+1.53799400E-006,+1.53799808E-006
1539.0,+1.53899810E-006,+1.53899965E-006
1540.0,+1.53999780E-006,+1.54000068E-006
1541.0,+1.54099320E-006,+1.54099954E-006
1542.0,+1.54199660E-006,+1.54200096E-006
1543.0,+1.54299830E-006,+1.54299922E-006
1544.0,+1.54399620E-006,+1.54400014E-006
1545.0,+1.54499370E-006,+1.54500090E-006
1546.0,+1.54599840E-006,+1.54600100E-006
1547.0,+1.54700130E-006,+1.54700216E-006
1548.0,+1.54799660E-006,+1.54800236E-006
1549.0,+1.54899190E-006,+1.54899956E-006
1550.0,+1.55000120E-006,+1.55000129E-006
1551.0,+1.55099880E-006,+1.55100080E-006
1552.0,+1.55199700E-006,+1.55200369E-006
1553.0,+1.55299880E-006,+1.55300127E-006
1554.0,+1.55400190E-006,+1.55400129E-006
1555.0,+1.55499770E-006,+1.55500164E-006
1556.0,+1.55599590E-006,+1.55600033E-006
1557.0,+1.55700100E-006,+1.55700058E-006
1558.0,+1.55799980E-006,+1.55800158E-006
1559.0,+1.55899630E-006,+1.55900131E-006
1560.0,+1.56000110E-006,+1.56000343E-006
1561.0,+1.56100320E-006,+1.56100317E-006
1562.0,+1.56200190E-006,+1.56200493E-006
1563.0,+1.56299840E-006,+1.56300259E-006
1564.0,+1.56400390E-006,+1.56400328E-006
1565.0,+1.56500230E-006,+1.56500316E-006
1566.0,+1.56599850E-006,+1.56600316E-006
1567.0,+1.56700200E-006,+1.56700210E-006
1568.0,+1.56800220E-006,+1.56800244E-006
1569.0,+1.56899890E-006,+1.56900348E-006
1570.0,+1.57000290E-006,+1.57000453E-006
1571.0,+1.57100380E-006,+1.57100378E-006
1572.0,+1.57199930E-006,+1.57200390E-006
1573.0,+1.57299800E-006,+1.57300138E-006
1574.0,+1.57400470E-006,+1.57400430E-006
1575.0,+1.57499990E-006,+1.57500442E-006
1576.0,+1.57600150E-006,+1.57600606E-006
1577.0,+1.57700610E-006,+1.57700649E-006
1578.0,+1.57800030E-006,+1.57800527E-006
1579.0,+1.57900130E-006,+1.57900679E-006
1580.0,+1.58000240E-006,+1.58000381E-006
1581.0,+1.58100030E-006,+1.58100591E-006
1582.0,+1.58199890E-006,+1.58200358E-006
1583.0,+1.58300180E-006,+1.58300296E-006
1584.0,+1.58399640E-006,+1.58400246E-006
1585.0,+1.58499920E-006,+1.58500292E-006
1586.0,+1.58600290E-006,+1.58600535E-006
1587.0,+1.58699740E-006,+1.58700498E-006
1588.0,+1.58800320E-006,+1.58800682E-006
1589.0,+1.58899900E-006,+1.58900272E-006
1590.0,+1.58999610E-006,+1.59000346E-006
1591.0,+1.59100120E-006,+1.59100299E-006
1592.0,+1.59199940E-006,+1.59200338E-006
1593.0,+1.59299600E-006,+1.59300236E-006
1594.0,+1.59399980E-006,+1.59400245E-006
1595.0,+1.59499780E-006,+1.59500409E-006
1596.0,+1.59599810E-006,+1.59600237E-006
1597.0,+1.59700050E-006,+1.59700415E-006
1598.0,+1.59799580E-006,+1.59800251E-006
1599.0,+1.59900240E-006,+1.59900405E-006
1600.0,+1.59999720E-006,+1.60000280E-006
1601.0,+1.60100010E-006,+1.60100547E-006
1602.0,+1.60200180E-006,+1.60200441E-006
1603.0,+1.60299860E-006,+1.60300623E-006
1604.0,+1.60400890E-006,+1.60401026E-006
1605.0,+1.60500520E-006,+1.60500977E-006
1606.0,+1.60600130E-006,+1.60600759E-006
1607.0,+1.60700210E-006,+1.60700409E-006
1608.0,+1.60799800E-006,+1.60800489E-006
1609.0,+1.60900240E-006,+1.60900403E-006
1610.0,+1.61000440E-006,+1.61000851E-006
1611.0,+1.61100030E-006,+1.61100591E-006
1612.0,+1.61200430E-006,+1.61200713E-006
1613.0,+1.61299980E-006,+1.61300614E-006
1614.0,+1.61400460E-006,+1.61400706E-006
1615.0,+1.61500250E-006,+1.61500866E-006
1616.0,+1.61600530E-006,+1.61600817E-006
1617.0,+1.61700000E-006,+1.61700500E-006
1618.0,+1.61800040E-006,+1.61800470E-006
1619.0,+1.61899940E-006,+1.61900231E-006
1620.0,+1.61999900E-006,+1.62000625E-006
1621.0,+1.62100230E-006,+1.62100404E-006
1622.0,+1.62199550E-006,+1.62200268E-006
1623.0,+1.62300160E-006,+1.62300365E-006
1624.0,+1.62399860E-006,+1.62400450E-006
1625.0,+1.62499930E-006,+1.62500277E-006
1626.0,+1.62599720E-006,+1.62600152E-006
1627.0,+1.62699430E-006,+1.62699879E-006
1628.0,+1.62799440E-006,+1.62799984E-006
1629.0,+1.62899280E-006,+1.62899868E-006
1630.0,+1.62999520E-006,+1.62999959E-006
1631.0,+1.63099000E-006,+1.63099751E-006
1632.0,+1.63199520E-006,+1.63199875E-006
1633.0,+1.63298930E-006,+1.63299689E-006
1634.0,+1.63399610E-006,+1.63399897E-006
1635.0,+1.63498900E-006,+1.63499645E-006
1636.0,+1.63599360E-006,+1.63599781E-006
1637.0,+1.63698410E-006,+1.63699193E-006
1638.0,+1.63798850E-006,+1.63799278E-006
1639.0,+1.63898000E-006,+1.63898920E-006
1640.0,+1.63998190E-006,+1.63998604E-006
